Loading dataset...
Dataset loaded
Training set size: 167648, Validation set size: 41913
Beginning training on Device: cuda
Class Outputs: tensor([[0.4840, 0.4671, 0.5155, 0.4946, 0.4909, 0.4917, 0.5113, 0.4927, 0.5063,
         0.4844, 0.5285, 0.5093, 0.4976, 0.5083, 0.5192, 0.4914, 0.5355, 0.5045,
         0.5051, 0.4966, 0.5088, 0.4798, 0.5013]], device='cuda:0',
       grad_fn=<SigmoidBackward0>)
True Class Labels: tensor([[0., 0., 1., 0., 0., 1., 1., 2., 1., 0., 1., 1., 0., 1., 0., 0., 0., 0.,
         0., 0., 0., 0., 0.]], device='cuda:0')
Time Outputs: tensor([[-0.0040, -0.0312,  0.0227,  0.0105,  0.0452,  0.0549, -0.1108, -0.0856,
          0.1304,  0.0639,  0.0489, -0.1220,  0.0883, -0.0819, -0.0519, -0.0400,
         -0.0383, -0.0246, -0.0465, -0.0182, -0.0125, -0.0284,  0.0056]],
       device='cuda:0', grad_fn=<AddmmBackward0>)
True Time Labels: tensor([[   0.,    0., 2993.,    0.,    0.,    0.,    0., 6885., 6885.,    0.,
         6885.,   41.,    0.,   74.,    0.,    0.,    0.,    0.,    0.,    0.,
            0.,    0.,    0.]], device='cuda:0')
Class Count Loss: 0.34297600388526917, Time Loss: 3286380.0
Class Outputs: tensor([[0.4516, 0.4305, 0.5414, 0.4606, 0.4574, 0.5189, 0.5712, 0.5334, 0.5353,
         0.4618, 0.5648, 0.5517, 0.4695, 0.5699, 0.4863, 0.4226, 0.4984, 0.4601,
         0.4588, 0.4400, 0.4576, 0.4406, 0.4439]], device='cuda:0',
       grad_fn=<SigmoidBackward0>)
True Class Labels: tensor([[1., 0., 1., 1., 0., 1., 0., 1., 1., 0., 1., 1., 0., 1., 0., 0., 0., 0.,
         0., 0., 0., 0., 0.]], device='cuda:0')
Time Outputs: tensor([[ 0.1619,  0.1789,  0.2550, -0.1638, -0.0908, -0.1448,  0.0182,  0.1242,
          0.3000, -0.0922,  0.2229,  0.0951, -0.1095,  0.0937,  0.0924,  0.1270,
          0.2023,  0.0693,  0.0952,  0.2078,  0.1578,  0.1831, -0.1219]],
       device='cuda:0', grad_fn=<AddmmBackward0>)
True Time Labels: tensor([[3362.,    0., 1697.,   36.,    0., 2211.,    0., 7905., 7905.,    0.,
         7905.,   61.,    0.,  145.,    0.,    0.,    0.,    0.,    0.,    0.,
            0.,    0.,    0.]], device='cuda:0')
Class Count Loss: 0.3171960115432739, Time Loss: 4490281.0
Class Outputs: tensor([[0.4422, 0.3928, 0.6028, 0.4651, 0.4080, 0.5647, 0.5648, 0.5663, 0.5932,
         0.3980, 0.6157, 0.5954, 0.4086, 0.6250, 0.4492, 0.3987, 0.4689, 0.4245,
         0.3931, 0.3979, 0.4351, 0.3877, 0.4064]], device='cuda:0',
       grad_fn=<SigmoidBackward0>)
True Class Labels: tensor([[0., 1., 1., 0., 0., 1., 1., 0., 1., 0., 1., 1., 0., 0., 0., 0., 0., 2.,
         0., 0., 0., 0., 0.]], device='cuda:0')
Time Outputs: tensor([[ 0.2357,  0.1089,  0.5140, -0.0382, -0.0467, -0.0437,  0.1541,  0.4515,
          0.4249, -0.0256,  0.4601,  0.2728, -0.0843,  0.2765,  0.1033, -0.0494,
          0.1158,  0.0946, -0.0320, -0.0339,  0.0693,  0.1034, -0.0459]],
       device='cuda:0', grad_fn=<AddmmBackward0>)
True Time Labels: tensor([[   0.,    0.,    0.,    0.,    0.,    0., 2040.,    0., 2040.,    0.,
            0.,    0.,    0.,    0.,    0.,    0.,    0.,    0.,    0.,    0.,
            0.,    0.,    0.]], device='cuda:0')
Class Count Loss: 0.3082828223705292, Time Loss: 180887.78125
Class Outputs: tensor([[0.4102, 0.3581, 0.6656, 0.4317, 0.3151, 0.6357, 0.5996, 0.6096, 0.6659,
         0.3388, 0.6958, 0.6791, 0.3241, 0.6381, 0.3691, 0.3168, 0.3630, 0.4011,
         0.3418, 0.3216, 0.3574, 0.3205, 0.3060]], device='cuda:0',
       grad_fn=<SigmoidBackward0>)
True Class Labels: tensor([[1., 1., 1., 0., 0., 2., 0., 1., 1., 0., 1., 0., 0., 1., 0., 0., 0., 0.,
         0., 0., 0., 0., 0.]], device='cuda:0')
Time Outputs: tensor([[ 0.5013, -0.0388,  0.8539,  0.2044,  0.0906,  0.0718,  0.2995,  0.6412,
          0.8161,  0.0207,  0.7216,  0.5431,  0.0133,  0.5390, -0.1269, -0.0322,
         -0.1081, -0.0772, -0.0202, -0.0837, -0.0581, -0.0332,  0.1606]],
       device='cuda:0', grad_fn=<AddmmBackward0>)
True Time Labels: tensor([[   0., 7395.,    0.,    0.,    0.,    0.,    0., 7395., 7395.,    0.,
         7395.,    0.,    0.,    0.,    0.,    0.,    0.,    0.,    0.,    0.,
            0.,    0.,    0.]], device='cuda:0')
Class Count Loss: 0.2508896589279175, Time Loss: 4754618.5
Class Outputs: tensor([[0.4409, 0.3456, 0.7403, 0.4138, 0.2488, 0.7211, 0.5943, 0.6410, 0.7444,
         0.2268, 0.7775, 0.7160, 0.2463, 0.6836, 0.2811, 0.2296, 0.2960, 0.3834,
         0.2459, 0.2351, 0.2645, 0.2413, 0.2273]], device='cuda:0',
       grad_fn=<SigmoidBackward0>)
True Class Labels: tensor([[0., 1., 0., 1., 0., 1., 1., 0., 1., 1., 1., 0., 1., 1., 0., 0., 0., 0.,
         0., 0., 0., 0., 0.]], device='cuda:0')
Time Outputs: tensor([[ 0.7391,  0.1524,  1.0500,  0.3283,  0.1326,  0.2739,  0.6026,  1.1673,
          1.3418,  0.0750,  1.1959,  0.7969,  0.1226,  0.7699, -0.0925,  0.0307,
         -0.1571, -0.1100,  0.0393,  0.0408, -0.1989, -0.1714,  0.1858]],
       device='cuda:0', grad_fn=<AddmmBackward0>)
True Time Labels: tensor([[  0., 255.,   0.,   0.,   0.,   0.,   0.,   0., 255.,   0.,   0.,   0.,
         255.,   0.,   0.,   0.,   0.,   0.,   0.,   0.,   0.,   0.,   0.]],
       device='cuda:0')
Class Count Loss: 0.30260446667671204, Time Loss: 4223.01513671875
Class Outputs: tensor([[0.4606, 0.4385, 0.6828, 0.4273, 0.2954, 0.6699, 0.5594, 0.6184, 0.7083,
         0.3362, 0.7424, 0.6410, 0.3254, 0.6481, 0.3014, 0.2838, 0.3155, 0.4187,
         0.2874, 0.2905, 0.2950, 0.3004, 0.2811]], device='cuda:0',
       grad_fn=<SigmoidBackward0>)
True Class Labels: tensor([[0., 1., 1., 0., 1., 1., 1., 0., 1., 0., 1., 1., 0., 1., 0., 0., 0., 0.,
         0., 0., 0., 0., 0.]], device='cuda:0')
Time Outputs: tensor([[ 0.6366,  0.1626,  0.7631,  0.2983, -0.0088,  0.2471,  0.3440,  0.7716,
          0.9324, -0.0045,  0.8749,  0.5826,  0.2538,  0.6301, -0.0628, -0.0268,
         -0.0236, -0.0424,  0.0946, -0.1161, -0.0910, -0.0940,  0.0426]],
       device='cuda:0', grad_fn=<AddmmBackward0>)
True Time Labels: tensor([[   0., 1290.,  921.,    0.,  860., 1080., 1255.,    0., 1286.,    0.,
            0.,   19.,    0.,   75.,    0.,    0.,    0.,    0.,    0.,    0.,
            0.,    0.,    0.]], device='cuda:0')
Class Count Loss: 0.24352890253067017, Time Loss: 166248.5
Class Outputs: tensor([[0.4409, 0.4599, 0.6855, 0.4230, 0.2764, 0.7135, 0.5745, 0.5944, 0.7519,
         0.3051, 0.7561, 0.6387, 0.2992, 0.6719, 0.2531, 0.2345, 0.2870, 0.4124,
         0.2615, 0.2399, 0.2531, 0.2473, 0.2403]], device='cuda:0',
       grad_fn=<SigmoidBackward0>)
True Class Labels: tensor([[0., 1., 0., 1., 0., 1., 1., 0., 1., 1., 1., 0., 1., 1., 0., 0., 0., 0.,
         0., 0., 0., 0., 0.]], device='cuda:0')
Time Outputs: tensor([[ 6.1068e-01,  2.2640e-01,  9.4621e-01,  3.2830e-01,  6.6538e-02,
          3.8713e-01,  5.1806e-01,  9.6542e-01,  1.2127e+00, -1.2520e-01,
          9.9581e-01,  8.0410e-01,  2.6405e-01,  7.1410e-01,  1.0047e-01,
         -8.7339e-04, -3.5396e-02, -1.8743e-02, -5.7552e-02,  1.1353e-02,
         -6.3161e-02, -6.6860e-02, -9.2351e-03]], device='cuda:0',
       grad_fn=<AddmmBackward0>)
True Time Labels: tensor([[  0., 107.,   0.,   0.,   0.,   0.,   0.,   0., 255.,   0.,   0.,   0.,
         255.,  26.,   0.,   0.,   0.,   0.,   0.,   0.,   0.,   0.,   0.]],
       device='cuda:0')
Class Count Loss: 0.27660757303237915, Time Loss: 3072.669189453125
Class Outputs: tensor([[0.4150, 0.4944, 0.6827, 0.4193, 0.2658, 0.7410, 0.5912, 0.5960, 0.7763,
         0.3176, 0.8029, 0.6201, 0.3103, 0.6872, 0.2373, 0.2158, 0.2507, 0.3851,
         0.2253, 0.2102, 0.2338, 0.2133, 0.2092]], device='cuda:0',
       grad_fn=<SigmoidBackward0>)
True Class Labels: tensor([[0., 1., 1., 0., 1., 1., 0., 1., 2., 0., 1., 0., 0., 1., 0., 0., 0., 0.,
         0., 0., 0., 0., 0.]], device='cuda:0')
Time Outputs: tensor([[ 0.6646,  0.3759,  1.0121,  0.3506,  0.1730,  0.4300,  0.6750,  1.0077,
          1.3089, -0.0686,  1.1505,  0.8265,  0.4199,  0.9144,  0.0544, -0.0134,
          0.0083,  0.0896, -0.1206, -0.0081,  0.0752,  0.0249, -0.1220]],
       device='cuda:0', grad_fn=<AddmmBackward0>)
True Time Labels: tensor([[   0., 1521., 1587.,    0.,    0.,    7.,    0., 4590., 2999.,    0.,
         4590.,    0.,    0.,  123.,    0.,    0.,    0.,    0.,    0.,    0.,
            0.,    0.,    0.]], device='cuda:0')
Class Count Loss: 0.19670172035694122, Time Loss: 1216198.875
Class Outputs: tensor([[0.3819, 0.5237, 0.7043, 0.4006, 0.2136, 0.8087, 0.5892, 0.5842, 0.8449,
         0.2778, 0.8476, 0.6216, 0.2928, 0.7495, 0.1713, 0.1509, 0.1819, 0.3410,
         0.1642, 0.1486, 0.1582, 0.1554, 0.1503]], device='cuda:0',
       grad_fn=<SigmoidBackward0>)
True Class Labels: tensor([[0., 1., 1., 0., 1., 1., 0., 1., 2., 0., 1., 0., 0., 1., 0., 0., 0., 0.,
         0., 0., 0., 0., 0.]], device='cuda:0')
Time Outputs: tensor([[ 0.8791,  0.6643,  1.3118,  0.4253,  0.3356,  0.5785,  0.8590,  1.3714,
          1.6397, -0.0066,  1.4507,  1.0323,  0.5981,  1.1751,  0.0843, -0.0218,
          0.0776,  0.1526, -0.0327,  0.0368,  0.1690,  0.1253, -0.2117]],
       device='cuda:0', grad_fn=<AddmmBackward0>)
True Time Labels: tensor([[   0.,  499.,  549.,    0.,    0.,    5.,    0., 1785.,    0.,    0.,
         1785.,    0.,    0.,    0.,    0.,    0.,    0.,    0.,    0.,    0.,
            0.,    0.,    0.]], device='cuda:0')
Class Count Loss: 0.16431047022342682, Time Loss: 150232.765625
Class Outputs: tensor([[0.3684, 0.5611, 0.6973, 0.4216, 0.2508, 0.8049, 0.5859, 0.5775, 0.8395,
         0.2865, 0.8448, 0.5834, 0.3042, 0.7429, 0.1805, 0.1542, 0.1846, 0.3428,
         0.1631, 0.1581, 0.1683, 0.1689, 0.1569]], device='cuda:0',
       grad_fn=<SigmoidBackward0>)
True Class Labels: tensor([[1., 0., 2., 0., 1., 1., 1., 0., 1., 0., 0., 1., 0., 1., 0., 0., 0., 0.,
         0., 0., 0., 0., 0.]], device='cuda:0')
Time Outputs: tensor([[ 0.8194,  0.6034,  1.2855,  0.4804,  0.2362,  0.5988,  0.8569,  1.4010,
          1.5896,  0.0373,  1.4713,  1.0272,  0.5842,  1.1469,  0.0573,  0.0894,
          0.0702,  0.0823, -0.0628, -0.0603,  0.0721,  0.0221, -0.2210]],
       device='cuda:0', grad_fn=<AddmmBackward0>)
True Time Labels: tensor([[911.,   0.,   0.,   0.,   0., 587.,   0.,   0., 472.,   0.,   0.,  30.,
           0.,   0.,   0.,   0.,   0.,   0.,   0.,   0.,   0.,   0.,   0.]],
       device='cuda:0')
Class Count Loss: 0.22493726015090942, Time Loss: 30313.6796875
Class Outputs: tensor([[0.3385, 0.5882, 0.7479, 0.3776, 0.2270, 0.8589, 0.6032, 0.5898, 0.8961,
         0.2457, 0.8897, 0.5802, 0.2704, 0.7993, 0.1291, 0.1003, 0.1284, 0.3007,
         0.1035, 0.1046, 0.1166, 0.0988, 0.1064]], device='cuda:0',
       grad_fn=<SigmoidBackward0>)
True Class Labels: tensor([[1., 0., 1., 1., 0., 1., 0., 1., 1., 0., 1., 1., 0., 1., 0., 0., 0., 0.,
         0., 0., 0., 0., 0.]], device='cuda:0')
Time Outputs: tensor([[ 0.9854,  0.9159,  1.6673,  0.6385,  0.4668,  0.8461,  1.1508,  1.7814,
          2.0235,  0.0785,  1.8356,  1.2562,  0.8172,  1.4573,  0.0659,  0.1007,
          0.1166,  0.0324,  0.0095, -0.0156,  0.1051,  0.0936, -0.1784]],
       device='cuda:0', grad_fn=<AddmmBackward0>)
True Time Labels: tensor([[1040.,    0., 1388.,    0.,    0.,    0.,    0., 5610., 5610.,    0.,
         5610.,    0.,    0.,   37.,    0.,    0.,    0.,    0.,    0.,    0.,
            0.,    0.,    0.]], device='cuda:0')
Class Count Loss: 0.17365695536136627, Time Loss: 2116429.75
Class Outputs: tensor([[0.3450, 0.6173, 0.7660, 0.3777, 0.2162, 0.8921, 0.6008, 0.5863, 0.9202,
         0.2236, 0.9074, 0.5604, 0.2252, 0.8464, 0.0800, 0.0726, 0.0948, 0.2521,
         0.0761, 0.0770, 0.0806, 0.0689, 0.0770]], device='cuda:0',
       grad_fn=<SigmoidBackward0>)
True Class Labels: tensor([[1., 0., 1., 1., 0., 1., 0., 1., 1., 0., 1., 1., 0., 1., 0., 0., 0., 0.,
         0., 0., 0., 0., 0.]], device='cuda:0')
Time Outputs: tensor([[ 1.2210,  1.0443,  1.9267,  0.6295,  0.5342,  1.0680,  1.2406,  2.0591,
          2.3787,  0.0539,  2.1422,  1.4728,  0.9654,  1.6896, -0.0300,  0.0159,
          0.1128, -0.0270,  0.0488,  0.0617,  0.0845,  0.0877, -0.0081]],
       device='cuda:0', grad_fn=<AddmmBackward0>)
True Time Labels: tensor([[1.5940e+03, 0.0000e+00, 1.7720e+03, 2.0000e+00, 0.0000e+00, 4.8000e+02,
         0.0000e+00, 7.6500e+03, 7.6500e+03, 0.0000e+00, 7.6470e+03, 5.2000e+01,
         0.0000e+00, 9.0000e+01, 0.0000e+00, 0.0000e+00, 0.0000e+00, 0.0000e+00,
         0.0000e+00, 0.0000e+00, 0.0000e+00, 0.0000e+00, 0.0000e+00]],
       device='cuda:0')
Class Count Loss: 0.1620180755853653, Time Loss: 3941974.0
Class Outputs: tensor([[0.3442, 0.6377, 0.8056, 0.3942, 0.2176, 0.9180, 0.5708, 0.6191, 0.9498,
         0.2011, 0.9277, 0.5561, 0.1949, 0.8879, 0.0596, 0.0493, 0.0662, 0.2272,
         0.0577, 0.0545, 0.0563, 0.0523, 0.0522]], device='cuda:0',
       grad_fn=<SigmoidBackward0>)
True Class Labels: tensor([[0., 1., 0., 1., 0., 1., 1., 0., 1., 1., 1., 0., 1., 1., 0., 0., 0., 0.,
         0., 0., 0., 0., 0.]], device='cuda:0')
Time Outputs: tensor([[ 1.4807,  1.1974,  2.2822,  0.7048,  0.6653,  1.1711,  1.4017,  2.4383,
          2.6857,  0.0708,  2.4800,  1.7054,  1.1481,  1.9726, -0.0585, -0.1690,
          0.0041, -0.0103,  0.1888,  0.0268, -0.0514,  0.0703,  0.0892]],
       device='cuda:0', grad_fn=<AddmmBackward0>)
True Time Labels: tensor([[  0., 145.,   0.,   1.,   0.,   0.,   0.,   0., 255.,   0.,   0.,   0.,
         255.,   1.,   0.,   0.,   0.,   0.,   0.,   0.,   0.,   0.,   0.]],
       device='cuda:0')
Class Count Loss: 0.22419863939285278, Time Loss: 3234.994873046875
Class Outputs: tensor([[0.3258, 0.6565, 0.8436, 0.3850, 0.1870, 0.9495, 0.5727, 0.6135, 0.9693,
         0.1770, 0.9505, 0.5727, 0.1737, 0.9265, 0.0347, 0.0296, 0.0392, 0.1737,
         0.0317, 0.0282, 0.0343, 0.0283, 0.0313]], device='cuda:0',
       grad_fn=<SigmoidBackward0>)
True Class Labels: tensor([[0., 1., 1., 0., 0., 1., 1., 0., 1., 0., 1., 1., 0., 0., 0., 0., 0., 2.,
         0., 0., 0., 0., 0.]], device='cuda:0')
Time Outputs: tensor([[ 1.8920e+00,  1.4840e+00,  2.8873e+00,  7.9025e-01,  7.7187e-01,
          1.4696e+00,  1.6158e+00,  2.9135e+00,  3.2823e+00, -1.1139e-01,
          3.0836e+00,  2.1240e+00,  1.4489e+00,  2.4340e+00, -6.1644e-02,
         -1.4730e-01, -1.2943e-01, -1.7114e-01,  2.0294e-03,  2.1002e-02,
         -9.5911e-02, -9.2864e-02,  1.7028e-01]], device='cuda:0',
       grad_fn=<AddmmBackward0>)
True Time Labels: tensor([[  0., 104., 215.,   0.,   0.,  53., 510.,   0., 510.,   0.,   0., 265.,
           0.,   0.,   0.,   0.,   0.,   0.,   0.,   0.,   0.,   0.,   0.]],
       device='cuda:0')
Class Count Loss: 0.2270478904247284, Time Loss: 13967.5830078125
Class Outputs: tensor([[0.2983, 0.6870, 0.8749, 0.3836, 0.1602, 0.9746, 0.5961, 0.6028, 0.9860,
         0.1482, 0.9725, 0.5710, 0.1387, 0.9507, 0.0177, 0.0129, 0.0182, 0.1461,
         0.0149, 0.0133, 0.0153, 0.0130, 0.0134]], device='cuda:0',
       grad_fn=<SigmoidBackward0>)
True Class Labels: tensor([[1., 0., 2., 1., 0., 1., 1., 1., 1., 1., 0., 0., 0., 0., 0., 0., 0., 0.,
         0., 0., 0., 0., 0.]], device='cuda:0')
Time Outputs: tensor([[ 2.4128,  1.7824,  3.5011,  0.9753,  1.0089,  1.8887,  2.1374,  3.7474,
          4.1414, -0.0436,  3.8058,  2.7059,  1.8572,  2.9689, -0.1064, -0.0355,
         -0.1644, -0.0726, -0.1396, -0.0650, -0.1564, -0.0959,  0.2468]],
       device='cuda:0', grad_fn=<AddmmBackward0>)
True Time Labels: tensor([[1890.,    0., 2591.,    0.,    0.,    0.,    0.,  414.,    0., 6882.,
            0.,    0.,    0.,    0.,    0.,    0.,    0.,    0.,    0.,    0.,
            0.,    0.,    0.]], device='cuda:0')
Class Count Loss: 0.27260589599609375, Time Loss: 1256283.25
Class Outputs: tensor([[0.3209, 0.6597, 0.8633, 0.4315, 0.1867, 0.9641, 0.6026, 0.6040, 0.9774,
         0.1840, 0.9537, 0.5239, 0.1695, 0.9164, 0.0249, 0.0198, 0.0257, 0.1607,
         0.0219, 0.0207, 0.0233, 0.0202, 0.0219]], device='cuda:0',
       grad_fn=<SigmoidBackward0>)
True Class Labels: tensor([[1., 1., 1., 0., 0., 2., 0., 1., 1., 0., 1., 0., 0., 1., 0., 0., 0., 0.,
         0., 0., 0., 0., 0.]], device='cuda:0')
Time Outputs: tensor([[ 2.2489e+00,  1.6989e+00,  3.1900e+00,  8.9923e-01,  9.5940e-01,
          1.7115e+00,  1.9226e+00,  3.3403e+00,  3.7136e+00,  1.3883e-01,
          3.3928e+00,  2.5001e+00,  1.7090e+00,  2.7578e+00,  4.2427e-02,
          7.9255e-02, -2.8651e-02,  5.3950e-02, -3.8487e-02,  1.1830e-02,
          2.5449e-03, -4.9985e-02,  1.6034e-01]], device='cuda:0',
       grad_fn=<AddmmBackward0>)
True Time Labels: tensor([[ 888., 1072., 1664.,    0.,    0.,  446.,    0., 4590., 1250.,    0.,
         4590.,    0.,    0.,   18.,    0.,    0.,    0.,    0.,    0.,    0.,
            0.,    0.,    0.]], device='cuda:0')
Class Count Loss: 0.04976402223110199, Time Loss: 1054645.125
Class Outputs: tensor([[0.3030, 0.7291, 0.9501, 0.4262, 0.0843, 0.9952, 0.6427, 0.6300, 0.9974,
         0.1041, 0.9885, 0.5091, 0.0783, 0.9726, 0.0028, 0.0020, 0.0031, 0.0813,
         0.0025, 0.0022, 0.0026, 0.0022, 0.0023]], device='cuda:0',
       grad_fn=<SigmoidBackward0>)
True Class Labels: tensor([[0., 2., 0., 0., 0., 1., 1., 1., 1., 2., 0., 0., 0., 0., 0., 0., 0., 0.,
         0., 1., 0., 0., 0.]], device='cuda:0')
Time Outputs: tensor([[ 3.7315,  2.7142,  5.2657,  1.3409,  1.3662,  2.8536,  2.9933,  5.3250,
          5.8357,  0.4397,  5.4737,  3.9859,  2.8295,  4.3833,  0.1037,  0.1965,
          0.0698,  0.1148,  0.0759,  0.0612, -0.0196, -0.0782,  0.0382]],
       device='cuda:0', grad_fn=<AddmmBackward0>)
True Time Labels: tensor([[   0.,  259.,    0.,    0.,    0.,    0.,    0., 1275.,  785.,    0.,
            0.,    0.,    0.,    0.,    0.,    0.,    0.,    0.,    0.,    0.,
            0.,    0.,    0.]], device='cuda:0')
Class Count Loss: 0.5162258148193359, Time Loss: 49673.6953125
Class Outputs: tensor([[0.3321, 0.7654, 0.9350, 0.4000, 0.0934, 0.9943, 0.6590, 0.6366, 0.9966,
         0.1418, 0.9806, 0.4734, 0.0870, 0.9594, 0.0038, 0.0028, 0.0041, 0.0978,
         0.0031, 0.0040, 0.0034, 0.0028, 0.0028]], device='cuda:0',
       grad_fn=<SigmoidBackward0>)
True Class Labels: tensor([[0., 2., 0., 0., 0., 1., 1., 1., 1., 2., 0., 0., 0., 0., 0., 0., 0., 0.,
         0., 1., 0., 0., 0.]], device='cuda:0')
Time Outputs: tensor([[ 3.7196e+00,  2.5992e+00,  5.1976e+00,  1.1689e+00,  1.3377e+00,
          2.7574e+00,  2.8992e+00,  5.1931e+00,  5.5853e+00,  6.1611e-01,
          5.2489e+00,  3.8042e+00,  2.7260e+00,  4.2434e+00,  1.7107e-02,
          7.1174e-02,  3.9971e-02, -2.7151e-03, -1.0462e-02, -1.3252e-01,
          4.2405e-02,  4.1604e-02, -1.5177e-01]], device='cuda:0',
       grad_fn=<AddmmBackward0>)
True Time Labels: tensor([[0.0000e+00, 1.5720e+03, 0.0000e+00, 0.0000e+00, 0.0000e+00, 7.0000e+02,
         0.0000e+00, 5.6100e+03, 1.2310e+03, 0.0000e+00, 0.0000e+00, 0.0000e+00,
         0.0000e+00, 0.0000e+00, 0.0000e+00, 0.0000e+00, 0.0000e+00, 0.0000e+00,
         0.0000e+00, 1.0000e+00, 0.0000e+00, 0.0000e+00, 0.0000e+00]],
       device='cuda:0')
Class Count Loss: 0.4563872516155243, Time Loss: 779669.375
Class Outputs: tensor([[0.3113, 0.8313, 0.9473, 0.3732, 0.0735, 0.9973, 0.6848, 0.6843, 0.9985,
         0.1626, 0.9828, 0.3902, 0.0636, 0.9578, 0.0017, 0.0012, 0.0020, 0.0831,
         0.0016, 0.0031, 0.0016, 0.0013, 0.0012]], device='cuda:0',
       grad_fn=<SigmoidBackward0>)
True Class Labels: tensor([[1., 1., 1., 0., 0., 2., 0., 1., 1., 0., 1., 0., 0., 1., 0., 0., 0., 0.,
         0., 0., 0., 0., 0.]], device='cuda:0')
Time Outputs: tensor([[ 4.2508e+00,  3.1190e+00,  6.0310e+00,  1.2301e+00,  1.5618e+00,
          3.3605e+00,  3.2420e+00,  6.0054e+00,  6.3449e+00,  7.7916e-01,
          5.9135e+00,  4.2774e+00,  3.1980e+00,  4.7833e+00,  5.8159e-03,
         -9.2767e-02,  8.2298e-02, -4.9480e-02,  1.2341e-02,  1.6824e-01,
          1.1511e-01,  1.2080e-01, -2.6242e-01]], device='cuda:0',
       grad_fn=<AddmmBackward0>)
True Time Labels: tensor([[ 216.,  497.,  646.,    0.,    0.,    0.,    0., 2040., 1777.,    0.,
         2040.,    0.,    0.,    0.,    0.,    0.,    0.,    0.,    0.,    0.,
            0.,    0.,    0.]], device='cuda:0')
Class Count Loss: -0.03307231143116951, Time Loss: 263222.96875
Class Outputs: tensor([[0.3419, 0.8444, 0.9304, 0.3537, 0.0744, 0.9970, 0.6704, 0.7197, 0.9980,
         0.2263, 0.9718, 0.3330, 0.0721, 0.9343, 0.0022, 0.0016, 0.0024, 0.0939,
         0.0018, 0.0053, 0.0020, 0.0016, 0.0016]], device='cuda:0',
       grad_fn=<SigmoidBackward0>)
True Class Labels: tensor([[0., 0., 1., 0., 0., 1., 1., 2., 1., 0., 1., 1., 0., 1., 0., 0., 0., 0.,
         0., 0., 0., 0., 0.]], device='cuda:0')
Time Outputs: tensor([[ 4.2764,  3.0925,  5.9761,  1.1138,  1.6329,  3.3922,  3.1050,  5.9867,
          6.1750,  0.9441,  5.8844,  4.2831,  3.1077,  4.6529, -0.0724, -0.1691,
         -0.0463, -0.0140, -0.0294,  0.3802,  0.1649,  0.1419, -0.1975]],
       device='cuda:0', grad_fn=<AddmmBackward0>)
True Time Labels: tensor([[   0.,    0.,  445.,    0.,    0.,    0.,    0., 1785., 1785.,    0.,
         1785.,    0.,    0.,   42.,    0.,    0.,    0.,    0.,    0.,    0.,
            0.,    0.,    0.]], device='cuda:0')
Class Count Loss: 0.09349247068166733, Time Loss: 210621.265625
Class Outputs: tensor([[3.1549e-01, 9.2702e-01, 9.6580e-01, 2.8231e-01, 2.6759e-02, 9.9974e-01,
         7.3086e-01, 8.2840e-01, 9.9982e-01, 2.0089e-01, 9.8795e-01, 2.4729e-01,
         2.6974e-02, 9.6046e-01, 2.0232e-04, 1.3177e-04, 2.3163e-04, 3.9642e-02,
         1.7937e-04, 1.1134e-03, 1.9311e-04, 1.4058e-04, 1.3644e-04]],
       device='cuda:0', grad_fn=<SigmoidBackward0>)
True Class Labels: tensor([[1., 0., 2., 0., 1., 1., 1., 0., 1., 0., 0., 1., 0., 1., 0., 0., 0., 0.,
         0., 0., 0., 0., 0.]], device='cuda:0')
Time Outputs: tensor([[ 6.0473,  4.5583,  8.4177,  1.3276,  2.1155,  4.8225,  4.3673,  8.6653,
          8.8099,  1.4798,  8.2191,  5.8701,  4.2970,  6.4736, -0.0341, -0.0485,
         -0.1096,  0.0319, -0.0414,  0.4581, -0.0795, -0.0618, -0.1075]],
       device='cuda:0', grad_fn=<AddmmBackward0>)
True Time Labels: tensor([[ 529.,    0.,    0.,    0.,    0.,    0., 1403.,    0., 2550.,    0.,
            0.,   30.,    0.,   20.,    0.,    0.,    0.,    0.,    0.,    0.,
            0.,    0.,    0.]], device='cuda:0')
Class Count Loss: 0.27488836646080017, Time Loss: 188877.15625
Class Outputs: tensor([[3.6377e-01, 9.4058e-01, 9.8092e-01, 1.9316e-01, 2.1829e-02, 9.9993e-01,
         7.7416e-01, 8.7786e-01, 9.9994e-01, 2.2795e-01, 9.8882e-01, 2.3451e-01,
         1.5357e-02, 9.6542e-01, 6.0892e-05, 4.0582e-05, 7.2227e-05, 2.5674e-02,
         4.8083e-05, 6.4607e-04, 5.5781e-05, 4.0182e-05, 3.7493e-05]],
       device='cuda:0', grad_fn=<SigmoidBackward0>)
True Class Labels: tensor([[1., 0., 1., 0., 1., 1., 1., 1., 1., 0., 1., 0., 0., 1., 0., 0., 0., 0.,
         0., 0., 0., 0., 0.]], device='cuda:0')
Time Outputs: tensor([[ 7.1230e+00,  5.2547e+00,  9.8447e+00,  1.3169e+00,  2.3975e+00,
          5.6743e+00,  5.1473e+00,  1.0001e+01,  1.0216e+01,  1.7978e+00,
          9.4451e+00,  6.7689e+00,  4.8985e+00,  7.4779e+00, -1.1275e-02,
          1.2865e-02, -7.7071e-03, -3.6117e-02,  5.1801e-02,  4.3298e-01,
         -1.6593e-01, -1.4515e-01,  2.0081e-01]], device='cuda:0',
       grad_fn=<AddmmBackward0>)
True Time Labels: tensor([[2319.,    0., 4080.,    0.,    0.,    0.,    0.,    0., 4080.,    0.,
         4080.,    0.,    0.,   48.,    0.,    0.,    0.,    0.,    0.,    0.,
            0.,    0.,    0.]], device='cuda:0')
Class Count Loss: 0.19334807991981506, Time Loss: 1196639.375
Class Outputs: tensor([[4.3722e-01, 9.4779e-01, 9.8916e-01, 1.2980e-01, 2.2412e-02, 9.9998e-01,
         8.2398e-01, 9.1123e-01, 9.9998e-01, 2.2644e-01, 9.9005e-01, 2.0045e-01,
         8.1931e-03, 9.6771e-01, 1.5895e-05, 1.0059e-05, 1.8749e-05, 1.6182e-02,
         1.2663e-05, 3.6889e-04, 1.4254e-05, 1.0517e-05, 1.0407e-05]],
       device='cuda:0', grad_fn=<SigmoidBackward0>)
True Class Labels: tensor([[1., 1., 0., 0., 0., 1., 1., 1., 0., 0., 1., 0., 1., 1., 0., 0., 0., 0.,
         1., 0., 0., 0., 0.]], device='cuda:0')
Time Outputs: tensor([[ 8.4609e+00,  6.1578e+00,  1.1505e+01,  1.1766e+00,  2.7225e+00,
          6.5145e+00,  6.0616e+00,  1.1605e+01,  1.1946e+01,  2.2378e+00,
          1.1010e+01,  7.7437e+00,  5.5714e+00,  8.8145e+00,  1.1144e-01,
          1.9456e-01,  1.4314e-01, -1.4267e-02,  6.2772e-03,  2.8459e-01,
         -4.5261e-02, -4.2276e-02,  2.9979e-01]], device='cuda:0',
       grad_fn=<AddmmBackward0>)
True Time Labels: tensor([[   0., 1792.,    0.,    0.,    0.,    0.,    0., 4335.,    0.,    0.,
         4335.,    0.,  993.,   79.,    0.,    0.,    0.,    0., 4335.,    0.,
            0.,    0.,    0.]], device='cuda:0')
Class Count Loss: 0.7296814322471619, Time Loss: 1311967.0
Class Outputs: tensor([[5.6099e-01, 9.3377e-01, 9.8576e-01, 9.2441e-02, 3.4684e-02, 9.9998e-01,
         8.5611e-01, 9.1926e-01, 9.9997e-01, 2.6914e-01, 9.8309e-01, 1.8467e-01,
         1.2782e-02, 9.5776e-01, 1.8560e-05, 1.1822e-05, 2.1336e-05, 1.6443e-02,
         2.4403e-05, 6.0011e-04, 1.6888e-05, 1.2962e-05, 1.1765e-05]],
       device='cuda:0', grad_fn=<SigmoidBackward0>)
True Class Labels: tensor([[1., 0., 2., 1., 0., 1., 1., 1., 1., 1., 0., 0., 0., 0., 0., 0., 0., 0.,
         0., 0., 0., 0., 0.]], device='cuda:0')
Time Outputs: tensor([[ 8.6450,  6.3081, 11.5688,  0.9638,  2.6391,  6.5440,  6.1750, 11.7319,
         12.0333,  2.2772, 11.2247,  7.6591,  5.7897,  9.0462, -0.0356,  0.0306,
         -0.0490,  0.0902,  0.4274, -0.0934,  0.1561,  0.1956,  0.0328]],
       device='cuda:0', grad_fn=<AddmmBackward0>)
True Time Labels: tensor([[1094.,    0., 1969.,    0.,    0.,  278.,    0.,    0., 1713., 5864.,
            0.,    0.,    0.,    0.,    0.,    0.,    0.,    0.,    0.,    0.,
            0.,    0.,    0.]], device='cuda:0')
Class Count Loss: 0.22862814366817474, Time Loss: 920365.75
